[95272 - Copy.jpg]
filters=HeatMap=1,0.000000,0.000000;
moddate=0078ec5500b1ce01
width=350
height=448
textactive=0
